167
1981
1839
1943
488
389
1249
2138
2427
2719
2007
1123
2516
2608
2927
522
918
257
940
3112
3272
3021
772
2617
3499
3223
3547
3590
3502
3129
2053
3317
2557
2895
3973
3928
3852
4583
2039
4106
1982
1701
4726
4850
2814
5102
4153
4050
1872
5106
3911
3753
1242
3493
3252
4671
5756
5558
5099
2427
997
6465
6507
6555
5353
1786
1961
6424
4618
2582
2447
5219
8094
7650
5246
9102
9225
7636
9047
8447
6101
6331
7928
5957
9381
6644
9167
7579
9351
8345
9104
7290
10168
7481
12454
10320
13610
13589
13172
12752
13231
14482
15426
13160

